1918
6234
2543
2880
5999
4807
2951
9002
5601
4566
1746
2437
1183
9963
1762
4643
5446
9765
5894
6013
6268
9775
2869
5694
9231
5106
7642
6138
8944
8152
3118
7099
7460
9860
2738
8322
6908
6062
6959
4409
1189
4580
5317
5785
1880
2519
2311
4272
1758
7518
2768
2786
1270
6102
5049
5527
4662
7933
5782
2764
9998
4504
3376
8457
7032
4346
6243
8933
3473
8597
5427
3739
8788
2919
8994
6043
4176
2657
5549
6829
7026
9364
5622
6066
4042
6543
2660
5709
1506
8300
4455
8754
7056
7021
6627
2553
8245
9254
9272
3657
